500
1 1.1631157199056298e+002
2 2.1023241320266129e+002
3 3.4023227644840193e+002
4 2.3373753298250068e+002
5 1.7219607349399496e+002
6 -1.0977901773048606e+002
7 3.2401729777044523e+002
8 3.8639647026100920e+002
9 1.9661773772045180e+002
10 5.2230575703431236e+002
11 1.8440064683280139e+002
12 -1.7453236753834986e+001
13 1.4923256809825520e+002
14 3.1577691878293729e+002
15 1.5031949472815947e+002
16 5.3925965776667670e+002
17 3.0105811080330960e+002
18 4.4126515971121376e+002
19 1.6211035734157599e+002
20 1.4725703002591075e+001
21 1.5537096363847098e+002
22 2.6867931222193255e+002
23 1.7200430994895018e+002
24 8.3576771203049454e+000
25 2.9101315658617415e+002
26 1.8081562681083520e+002
27 4.4273080278787268e+002
28 9.8203457318826736e+001
29 1.3464907019998270e+002
30 3.7868173416520392e+002
31 3.2871382403000371e+002
32 2.7529690448203263e+002
33 4.4303678528353849e+001
34 3.4139638931110329e+002
35 2.9590893834117020e+002
36 2.4970647191693638e+002
37 1.5817546257408634e+002
38 1.5624405898688318e+002
39 2.4385347266826531e+002
40 8.7759826332001879e+001
41 1.7277058563575392e+002
42 7.1391751507029639e+001
43 4.0978770588467643e+002
44 4.6714547920732610e+002
45 2.5861115344597920e+002
46 1.7842001402727161e+002
47 4.1291656334492143e+002
48 1.6248550840262189e+002
49 2.6214310420979120e+002
50 4.1742789006193829e+002
51 6.9411684536159541e+001
52 3.3739085319877074e+002
53 4.5963786636992404e+002
54 2.1860637374202548e+002
55 2.9703010333080164e+002
56 5.5424006734214834e+002
57 4.0877028818124677e+002
58 3.4157980898474824e+002
59 4.7761751901268877e+002
60 1.1946575013830216e+002
61 4.2293848654623298e+002
62 2.1023860752578244e+002
63 3.1615686587068353e+002
64 2.6468403794612021e+002
65 1.8698611677388158e+002
66 -7.8580347194624620e+000
67 2.4921013571086993e+002
68 -3.3490725481593131e-001
69 2.2072685456579399e+002
70 2.1306305261760320e+002
71 1.6750251416591715e+002
72 2.3894130786934019e+002
73 1.9954430118047375e+002
74 3.6463422195839013e+002
75 3.5309136114093661e+002
76 2.8185644301352295e+002
77 3.4481422560417258e+002
78 5.3174461752477646e+002
79 3.5258558919526087e+002
80 2.1220703194305921e+002
81 3.8912151329893049e+002
82 1.5373488369950203e+002
83 3.3057065990002337e+002
84 4.6027291841025027e+002
85 4.1305382651296526e+002
86 2.0390466906628620e+002
87 4.5729377040786926e+002
88 3.0088421727036825e+002
89 5.9107953910821934e+001
90 1.5413510586275061e+002
91 -3.4268004672275502e+001
92 4.3659848251021162e+002
93 2.1190536804370782e+002
94 3.5425122155674887e+002
95 1.2680737024252990e+002
96 3.5657683864504816e+002
97 1.8507820716764022e+002
98 5.4662910206833419e+002
99 2.2830824380461016e+002
100 3.8039519832892080e+002
101 2.0509309465979550e+002
102 1.0662565936582075e+002
103 2.5520787105569232e+002
104 2.5097403308914005e+002
105 2.3744179936737066e+002
106 3.6751501533102885e+002
107 1.0920419842093870e+002
108 4.3995062108635500e+002
109 1.4985858462453953e+002
110 2.6909903682936027e+002
111 2.7808059677555957e+002
112 4.7545968551473686e+002
113 3.2849018854624927e+002
114 4.0992268689712057e+002
115 1.8416559789740842e+002
116 3.5966686123370408e+002
117 3.8088213595857786e+002
118 1.9753831244276148e+002
119 2.5649811103402470e+002
120 9.9892825669264155e+001
121 4.0858605925075847e+002
122 3.4338649357058921e+002
123 3.8561527630947165e+002
124 3.1358789466088166e+002
125 6.3974751449994734e+001
126 3.4616217974101357e+002
127 3.5975790730401121e+002
128 1.7804357526232843e+002
129 2.2597863358849551e+002
130 1.3737585245103210e+002
131 5.3461656589529662e+002
132 3.6677553842582432e+002
133 8.5334086487629818e+001
134 4.9029581173257782e+002
135 4.6688197323806742e+002
136 1.0917040461971172e+002
137 2.6262907552428214e+002
138 2.9744918862244162e+002
139 1.4243021417339627e+001
140 2.8008064958808035e+002
141 1.8302098609051399e+002
142 2.3664068854337583e+002
143 2.1046548685218718e+002
144 3.8720145783943117e+001
145 2.1290853197839775e+002
146 7.8647284143871502e+001
147 4.8409173889564885e+000
148 2.1576842323880479e+002
149 2.8284709752057790e+002
150 2.1822643498211843e+002
151 3.1375929369935477e+002
152 2.1123405154199133e+002
153 7.5702565729314287e+001
154 3.1260766475415318e+002
155 1.3129644148999765e+002
156 5.1196894460370157e+002
157 3.2033995982989006e+002
158 1.4880067720677002e+002
159 2.6650988710252392e+002
160 9.9364794893901674e+001
161 1.4647565389997743e+002
162 2.7963564188703936e+002
163 2.6020582763744216e+002
164 2.7468319516477129e+002
165 2.7599038228964770e+002
166 2.3477249987216550e+002
167 1.8256336497885380e+002
168 1.8748171580214225e+002
169 5.7171899413745784e+001
170 3.3712409659107806e+002
171 -7.7160853994584599e+001
172 2.8374260612629377e+002
173 -1.6513132744454822e+001
174 3.6266794193810931e+001
175 2.9118367141634286e+002
176 2.3269438484455023e+002
177 2.3397064921736936e+002
178 2.0314554817191689e+002
179 3.3274753711149890e+002
180 1.7513327563494883e+002
181 5.5743138663572953e+000
182 1.2794016086020551e+002
183 2.2350442959928682e+002
184 3.1761628001724443e+002
185 4.7927558792851585e+002
186 5.9696829495599324e+001
187 3.4651406676479411e+002
188 1.6714721794663760e+002
189 1.7490737467258242e+001
190 -2.5314504099853686e+001
191 2.4598618842233191e+002
192 9.2598329043682028e+001
193 1.7688143354495756e+002
194 3.9438257632330698e+002
195 -7.5379040369236407e+001
196 3.8026570355050688e+002
197 1.3623066149064621e+002
198 1.2533792131777255e+002
199 3.0014816789429199e+002
200 1.9016570372304292e+002
201 1.6893297113121568e+002
202 1.4591006121163952e+002
203 9.6226086068412570e+001
204 1.6173871742225560e+002
205 3.6699608273832604e+002
206 4.4283554857420847e+002
207 2.3529030441661783e+002
208 3.1925837026781591e+002
209 3.8071425343629505e+002
210 1.1618784662065649e+002
211 1.7487193810810774e+002
212 1.8345202422163965e+002
213 1.9177935676328161e+002
214 3.2564395785016831e+002
215 3.7241852381701153e+002
216 1.3334031875183143e+002
217 2.4914841293044097e+002
218 3.8357298200496490e+002
219 8.9131225091320374e+001
220 2.8350714547974394e+002
221 2.8041080615372510e+002
222 7.1830343019851981e+001
223 3.6819356291378881e+002
224 1.1784149126521176e+002
225 4.3839877743143467e+002
226 2.9076686372813606e+002
227 -5.9786785178151138e+000
228 1.2899080797421624e+002
229 2.5501241218430658e+002
230 2.0015304206133752e+002
231 1.3746976486085032e+002
232 3.0497945495770330e+002
233 1.5615008296861913e+002
234 2.2910279380822277e+002
235 1.7553355313584530e+002
236 2.9870536392186597e+002
237 1.8107406891557611e+002
238 3.2644152314079741e+002
239 1.0610426758062798e+002
240 -2.8471408628355153e+001
241 1.2963101806323803e+002
242 3.2877566921203766e+002
243 2.9368109826019895e+002
244 -1.7905540348278798e+001
245 3.9488640966692361e+002
246 3.0593550398675671e+002
247 3.7597436875162214e+002
248 1.6506409113091104e+002
249 3.3069545201479502e+002
250 4.3609759258468273e+002
251 1.0628869112876593e+002
252 9.6749356411937072e+001
253 2.2456586956803699e+002
254 3.5759223851606561e+002
255 1.4564822898593133e+002
256 4.4671108372147012e+002
257 3.2917332955793034e+002
258 4.2881863449242303e+002
259 3.3384064090529904e+002
260 3.2769301527626209e+002
261 9.9519606527494119e+001
262 3.8130347228191334e+002
263 3.5016996425995259e+001
264 -4.7204209507237096e+001
265 3.3244302831044996e+002
266 -1.6266092418769720e+000
267 4.1394168438533590e+001
268 9.3679536889027247e+001
269 -3.9179740400291990e+001
270 6.3664408098511075e+001
271 2.7759609239380973e+002
272 3.0301234352332114e+002
273 3.2320338408627458e+002
274 2.0722904992729619e+002
275 2.2234814546053889e+002
276 7.1809912587668094e+001
277 2.9107270599403824e+002
278 1.8357631557465274e+002
279 8.4026791772908389e+000
280 4.1252523921559788e+002
281 3.0525610328812712e+002
282 3.9003918911055661e+002
283 3.6804075065441788e+002
284 2.1023952748641955e+002
285 4.5119737366449669e+002
286 2.6473581984021592e+002
287 3.7062701160681684e+002
288 -1.5273266260945624e+002
289 2.1600483345949692e+002
290 2.9862706682154590e+002
291 7.5359319260971688e+001
292 2.6153628389869858e+001
293 7.3319976552122682e+001
294 4.2782172462043252e+002
295 5.1284251329917652e+002
296 2.2780538251877039e+002
297 3.1442823844743918e+002
298 3.8759807671650225e+002
299 5.3128732313848116e+002
300 2.1631117510064055e+002
301 1.9079508923869935e+002
302 4.4010217686760757e+002
303 8.9081894117479294e+001
304 2.1486867646183418e+002
305 2.1515943011120055e+002
306 1.7830153610230343e+002
307 3.3537497853157009e+002
308 3.4095777725239753e+002
309 1.5172793090875706e+002
310 1.2648987751754670e+002
311 3.3995954287328425e+002
312 1.1790665028543208e+002
313 3.6422079587470813e+002
314 5.4036593881433294e+002
315 3.1637973485803059e+002
316 4.0405788459535387e+002
317 1.2246494443587275e+002
318 4.3619731857610753e+002
319 3.6287767912796238e+002
320 2.7606467812525193e+002
321 4.5676636553684330e+002
322 2.0539508130607328e+002
323 4.6388972120134110e+002
324 4.5442274026692496e+002
325 7.0144462553042320e+002
326 2.1745125269941917e+002
327 2.7062013418498037e+002
328 1.7430255757969431e+002
329 1.5239246185211323e+002
330 2.9589919630767957e+002
331 2.6060626501432057e+002
332 4.4562878595945797e+001
333 1.0834361929787133e+002
334 2.7999001548169969e+002
335 1.9689247055127461e+002
336 6.4066506583803445e+001
337 2.7836276359233966e+002
338 1.5070282560977992e+002
339 3.3093592571279936e+002
340 3.9773259162777759e+002
341 2.9451948051371022e+002
342 2.9990614803795432e+002
343 1.5643478865022041e+002
344 1.8628034545421264e+002
345 9.4285368897076040e+001
346 2.5712471421786455e+002
347 4.6781502926798083e+001
348 3.8921194325530627e+002
349 4.4782624446453030e+002
350 1.2037171506849488e+002
351 3.7469946031348633e+002
352 1.4781227881531640e+002
353 1.5848481611286613e+002
354 1.3633016416170543e+002
355 2.4767047274346649e+002
356 2.3365004456937916e+002
357 4.0677403002091808e+001
358 2.5452602100146083e+002
359 1.1745867916398629e+002
360 3.2633291227988690e+002
361 1.0812830290440301e+002
362 3.8687461500705405e+002
363 2.8183227646746856e+000
364 6.1613289739574668e+001
365 3.6348692913168452e+002
366 3.1008319389281451e+002
367 4.5639998790282323e+002
368 1.5138871717968705e+001
369 4.4124029473201739e+002
370 3.3210322322564161e+002
371 3.1814510191973500e+002
372 -5.9442364823710264e+001
373 4.3848119510518069e+002
374 8.5347559535631859e+001
375 1.0306587576982916e+002
376 1.6060917341822383e+002
377 -5.3329538009977924e+001
378 3.0844316708416892e+002
379 3.1978731149154891e+002
380 2.7859406122960922e+002
381 4.4149325081742558e+002
382 2.0833822721084883e+002
383 2.1002275187550214e+002
384 2.2353238456107664e+002
385 3.6437313291373897e+002
386 2.9478801534543334e+002
387 1.5067315279641025e+002
388 1.3637360421425203e+002
389 4.9392179547880181e+002
390 4.8146229661304011e+002
391 2.0607845151555935e+002
392 1.8880658926732960e+002
393 3.5742914805634376e+002
394 3.2051862366322877e+002
395 3.1468956357378636e+002
396 9.0181829581277100e+001
397 2.1668988992964083e+002
398 4.5304207454425193e+002
399 2.7626299698133988e+002
400 2.5512444739868755e+002
401 1.6400759915338926e+002
402 4.7461354969245110e+002
403 -1.1262508814432638e+002
404 1.0508185292898732e+002
405 4.3782359872109265e+002
406 3.5287154135855781e+002
407 4.7984557715900053e+002
408 1.9151477012581603e+002
409 2.7224533228246383e+002
410 4.6028025737632754e+002
411 6.0268349891004232e+002
412 4.3198817878971306e+002
413 2.1720046938208893e+002
414 4.9679008951230298e+002
415 2.8878289049122566e+002
416 2.4131981764382886e+002
417 1.2311376433432177e+002
418 2.8400498133698011e+002
419 2.8602146041323272e+002
420 6.6928940464797421e+001
421 -8.1011791514225081e+001
422 3.0523417935915143e+002
423 1.1869515617964197e+002
424 3.6456411232551108e+002
425 3.3302694228294092e+002
426 6.9449375833720595e+001
427 5.0854679975601488e+002
428 1.4605864429899236e+002
429 4.5588323075937853e+002
430 1.9396587584848891e+002
431 2.0660863101484213e+002
432 4.8514287291581553e+002
433 4.1614105689461900e+002
434 2.1086796750859929e+002
435 2.1944507640243481e+002
436 2.1639984211967931e+002
437 3.0119497943662321e+002
438 3.1889483021308575e+002
439 3.4300367149250155e+002
440 2.9959732035340039e+002
441 4.0469808103739291e+002
442 2.8000143710375573e+002
443 -1.9643547455618958e+001
444 1.3818941373567844e+002
445 3.7424228720677024e+002
446 3.3235673541795313e+002
447 7.2408290582010224e+001
448 3.2370568075285513e+002
449 5.4851371367823965e+001
450 3.5625653851950665e+002
451 1.9783021960160855e+002
452 8.6629540652897234e+001
453 4.1006635199040380e+002
454 3.1761976468711345e+002
455 4.7031836164934703e+002
456 3.8272799602460151e+002
457 8.5163542829364189e+001
458 1.6952789597323851e+002
459 2.1409726295982978e+002
460 2.3533910183972341e+002
461 2.1871812374794408e+002
462 1.5943083700019974e+002
463 1.9866148744334126e+002
464 2.9049295995193023e+002
465 3.2046536876960636e+002
466 3.4838451535440626e+001
467 3.5536513992188981e+002
468 2.1814724199127843e+002
469 1.9141534781599361e+002
470 2.4505612815315720e+002
471 3.0981641864950785e+002
472 1.3809914415714738e+002
473 3.0640476975773259e+002
474 4.4185566644594002e+002
475 2.2763387474870225e+002
476 4.5721318968584245e+002
477 5.2563667068722076e+001
478 -1.7464295275770704e+002
479 3.3188231386282848e+002
480 2.9605596126185583e+002
481 2.9961650768485237e+002
482 3.4335173292112466e+002
483 3.0924302689858723e+002
484 1.7751876377112731e+002
485 2.6469523652977017e+002
486 1.5149854308214734e+002
487 1.9022229011380210e+002
488 1.9806297552339765e+002
489 4.4038970886848722e+002
490 2.7179523518229473e+002
491 2.0513663819457304e+002
492 6.1819280339887392e+001
493 3.6720380104993899e+002
494 3.6541812081815209e+002
495 -8.0338815794313476e+001
496 3.1052847544705116e+002
497 3.8316073341342849e+002
498 1.8165633568869811e+002
499 1.6718291545548698e+002
500 2.3318934714632101e+002
